Sample 1:
Coordinates:
0.2561, 0.9444
0.8524, 0.8982
0.1445, 0.2667
0.2880, 0.5076
0.7711, 0.4104
0.5704, 0.8899
0.0311, 0.6345
0.6954, 0.1414
0.1857, 0.2993
0.1345, 0.9624
0.6866, 0.1685
0.1324, 0.8020
0.3703, 0.5168
0.3878, 0.2862
0.2955, 0.3860
Distance Matrix:
[[0.0000 0.5981 0.6868 0.4380 0.7418 0.3190 0.3829 0.9153 0.6489 0.1230
  0.8873 0.1886 0.4425 0.6712 0.5598]
 [0.5981 0.0000 0.9487 0.6864 0.4945 0.2821 0.8626 0.7729 0.8962 0.7209
  0.7483 0.7264 0.6147 0.7684 0.7566]
 [0.6868 0.9487 0.0000 0.2804 0.6428 0.7548 0.3849 0.5650 0.0526 0.6958
  0.5509 0.5354 0.3370 0.2440 0.1924]
 [0.4380 0.6864 0.2804 0.0000 0.4927 0.4753 0.2865 0.5478 0.2320 0.4801
  0.5233 0.3330 0.0828 0.2428 0.1218]
 [0.7418 0.4945 0.6428 0.4927 0.0000 0.5197 0.7731 0.2795 0.5958 0.8426
  0.2563 0.7491 0.4147 0.4029 0.4762]
 [0.3190 0.2821 0.7548 0.4753 0.5197 0.0000 0.5967 0.7588 0.7048 0.4420
  0.7307 0.4467 0.4233 0.6307 0.5740]
 [0.3829 0.8626 0.3849 0.2865 0.7731 0.5967 0.0000 0.8273 0.3691 0.3438
  0.8043 0.1957 0.3590 0.4985 0.3629]
 [0.9153 0.7729 0.5650 0.5478 0.2795 0.7588 0.8273 0.0000 0.5336 0.9943
  0.0284 0.8679 0.4967 0.3400 0.4688]
 [0.6489 0.8962 0.0526 0.2320 0.5958 0.7048 0.3691 0.5336 0.0000 0.6651
  0.5177 0.5054 0.2852 0.2025 0.1398]
 [0.1230 0.7209 0.6958 0.4801 0.8426 0.4420 0.3438 0.9943 0.6651 0.0000
  0.9671 0.1605 0.5041 0.7221 0.5985]
 [0.8873 0.7483 0.5509 0.5233 0.2563 0.7307 0.8043 0.0284 0.5177 0.9671
  0.0000 0.8417 0.4706 0.3212 0.4475]
 [0.1886 0.7264 0.5354 0.3330 0.7491 0.4467 0.1957 0.8679 0.5054 0.1605
  0.8417 0.0000 0.3713 0.5755 0.4468]
 [0.4425 0.6147 0.3370 0.0828 0.4147 0.4233 0.3590 0.4967 0.2852 0.5041
  0.4706 0.3713 0.0000 0.2313 0.1507]
 [0.6712 0.7684 0.2440 0.2428 0.4029 0.6307 0.4985 0.3400 0.2025 0.7221
  0.3212 0.5755 0.2313 0.0000 0.1359]
 [0.5598 0.7566 0.1924 0.1218 0.4762 0.5740 0.3629 0.4688 0.1398 0.5985
  0.4475 0.4468 0.1507 0.1359 0.0000]]
Optimal Path Order: 0 -> 5 -> 1 -> 4 -> 10 -> 7 -> 13 -> 2 -> 8 -> 14 -> 12 -> 3 -> 6 -> 11 -> 9
Total Distance: 3.1561

Sample 2:
Coordinates:
0.3593, 0.2575
0.5649, 0.0075
0.5798, 0.3431
0.5983, 0.6438
0.4939, 0.9247
0.4567, 0.7159
0.9593, 0.5914
0.7914, 0.9308
0.2769, 0.5349
0.7829, 0.4870
0.8074, 0.7605
0.1481, 0.4462
0.2825, 0.1582
0.5181, 0.6761
0.7915, 0.3833
Distance Matrix:
[[0.0000 0.3237 0.2366 0.4543 0.6806 0.4686 0.6867 0.8001 0.2894 0.4818
  0.6736 0.2832 0.1255 0.4478 0.4502]
 [0.3237 0.0000 0.3360 0.6372 0.9199 0.7166 0.7047 0.9507 0.6009 0.5267
  0.7910 0.6051 0.3201 0.6703 0.4389]
 [0.2366 0.3360 0.0000 0.3013 0.5878 0.3925 0.4536 0.6246 0.3585 0.2489
  0.4754 0.4438 0.3501 0.3387 0.2155]
 [0.4543 0.6372 0.3013 0.0000 0.2996 0.1589 0.3649 0.3460 0.3393 0.2422
  0.2395 0.4917 0.5793 0.0864 0.3244]
 [0.6806 0.9199 0.5878 0.2996 0.0000 0.2121 0.5725 0.2976 0.4461 0.5245
  0.3539 0.5904 0.7951 0.2497 0.6178]
 [0.4686 0.7166 0.3925 0.1589 0.2121 0.0000 0.5178 0.3978 0.2551 0.3985
  0.3535 0.4098 0.5843 0.0731 0.4719]
 [0.6867 0.7047 0.4536 0.3649 0.5725 0.5178 0.0000 0.3787 0.6848 0.2051
  0.2273 0.8242 0.8036 0.4493 0.2673]
 [0.8001 0.9507 0.6246 0.3460 0.2976 0.3978 0.3787 0.0000 0.6492 0.4439
  0.1711 0.8055 0.9252 0.3736 0.5475]
 [0.2894 0.6009 0.3585 0.3393 0.4461 0.2551 0.6848 0.6492 0.0000 0.5082
  0.5765 0.1564 0.3767 0.2795 0.5365]
 [0.4818 0.5267 0.2489 0.2422 0.5245 0.3985 0.2051 0.4439 0.5082 0.0000
  0.2746 0.6361 0.5987 0.3254 0.1040]
 [0.6736 0.7910 0.4754 0.2395 0.3539 0.3535 0.2273 0.1711 0.5765 0.2746
  0.0000 0.7304 0.7989 0.3013 0.3774]
 [0.2832 0.6051 0.4438 0.4917 0.5904 0.4098 0.8242 0.8055 0.1564 0.6361
  0.7304 0.0000 0.3178 0.4356 0.6465]
 [0.1255 0.3201 0.3501 0.5793 0.7951 0.5843 0.8036 0.9252 0.3767 0.5987
  0.7989 0.3178 0.0000 0.5690 0.5566]
 [0.4478 0.6703 0.3387 0.0864 0.2497 0.0731 0.4493 0.3736 0.2795 0.3254
  0.3013 0.4356 0.5690 0.0000 0.4006]
 [0.4502 0.4389 0.2155 0.3244 0.6178 0.4719 0.2673 0.5475 0.5365 0.1040
  0.3774 0.6465 0.5566 0.4006 0.0000]]
Optimal Path Order: 0 -> 11 -> 8 -> 3 -> 13 -> 5 -> 4 -> 7 -> 10 -> 6 -> 9 -> 14 -> 2 -> 1 -> 12
Total Distance: 3.1528

Sample 3:
Coordinates:
0.9935, 0.8341
0.2352, 0.2472
0.0699, 0.6354
0.8994, 0.7370
0.1481, 0.4398
0.3137, 0.4700
0.7176, 0.7887
0.8802, 0.5427
0.4298, 0.1071
0.6778, 0.2972
0.9643, 0.7205
0.0981, 0.7132
0.6960, 0.6352
0.2551, 0.2394
0.9218, 0.3213
Distance Matrix:
[[0.0000 0.9589 0.9447 0.1352 0.9328 0.7711 0.2796 0.3127 0.9200 0.6229
  0.1174 0.9035 0.3579 0.9481 0.5179]
 [0.9589 0.0000 0.4220 0.8253 0.2114 0.2363 0.7252 0.7095 0.2398 0.4454
  0.8692 0.4858 0.6024 0.0213 0.6906]
 [0.9447 0.4220 0.0000 0.8357 0.2106 0.2946 0.6656 0.8156 0.6392 0.6956
  0.8984 0.0827 0.6261 0.4372 0.9079]
 [0.1352 0.8253 0.8357 0.0000 0.8079 0.6437 0.1890 0.1953 0.7857 0.4925
  0.0670 0.8016 0.2274 0.8141 0.4163]
 [0.9328 0.2114 0.2106 0.8079 0.0000 0.1683 0.6678 0.7393 0.4360 0.5485
  0.8631 0.2779 0.5817 0.2272 0.7827]
 [0.7711 0.2363 0.2946 0.6437 0.1683 0.0000 0.5144 0.5711 0.3810 0.4030
  0.6971 0.3250 0.4164 0.2380 0.6260]
 [0.2796 0.7252 0.6656 0.1890 0.6678 0.5144 0.0000 0.2948 0.7398 0.4931
  0.2559 0.6240 0.1550 0.7181 0.5100]
 [0.3127 0.7095 0.8156 0.1953 0.7393 0.5711 0.2948 0.0000 0.6266 0.3182
  0.1967 0.8004 0.2060 0.6948 0.2253]
 [0.9200 0.2398 0.6392 0.7857 0.4360 0.3810 0.7398 0.6266 0.0000 0.3125
  0.8136 0.6909 0.5914 0.2192 0.5366]
 [0.6229 0.4454 0.6956 0.4925 0.5485 0.4030 0.4931 0.3182 0.3125 0.0000
  0.5111 0.7135 0.3385 0.4266 0.2452]
 [0.1174 0.8692 0.8984 0.0670 0.8631 0.6971 0.2559 0.1967 0.8136 0.5111
  0.0000 0.8662 0.2815 0.8570 0.4014]
 [0.9035 0.4858 0.0827 0.8016 0.2779 0.3250 0.6240 0.8004 0.6909 0.7135
  0.8662 0.0000 0.6030 0.4991 0.9121]
 [0.3579 0.6024 0.6261 0.2274 0.5817 0.4164 0.1550 0.2060 0.5914 0.3385
  0.2815 0.6030 0.0000 0.5925 0.3866]
 [0.9481 0.0213 0.4372 0.8141 0.2272 0.2380 0.7181 0.6948 0.2192 0.4266
  0.8570 0.4991 0.5925 0.0000 0.6717]
 [0.5179 0.6906 0.9079 0.4163 0.7827 0.6260 0.5100 0.2253 0.5366 0.2452
  0.4014 0.9121 0.3866 0.6717 0.0000]]
Optimal Path Order: 0 -> 10 -> 7 -> 14 -> 9 -> 8 -> 13 -> 1 -> 4 -> 2 -> 11 -> 5 -> 12 -> 6 -> 3
Total Distance: 3.0629

Sample 4:
Coordinates:
0.0621, 0.3336
0.1213, 0.7893
0.9837, 0.3168
0.2276, 0.2336
0.0445, 0.7250
0.9364, 0.5009
0.5877, 0.3194
0.9861, 0.1458
0.6060, 0.1987
0.2223, 0.7702
0.9017, 0.6744
0.6217, 0.0814
0.4817, 0.8699
0.8083, 0.3967
0.8323, 0.8719
Distance Matrix:
[[0.0000 0.4596 0.9217 0.1933 0.3919 0.8901 0.5258 0.9428 0.5603 0.4651
  0.9061 0.6137 0.6810 0.7488 0.9397]
 [0.4596 0.0000 0.9833 0.5657 0.1002 0.8646 0.6621 1.0779 0.7639 0.1028
  0.7888 0.8668 0.3693 0.7912 0.7157]
 [0.9217 0.9833 0.0000 0.7606 1.0241 0.1900 0.3960 0.1711 0.3958 0.8861
  0.3669 0.4318 0.7469 0.1928 0.5754]
 [0.1933 0.5657 0.7606 0.0000 0.5244 0.7575 0.3702 0.7635 0.3799 0.5366
  0.8054 0.4224 0.6851 0.6031 0.8792]
 [0.3919 0.1002 1.0241 0.5244 0.0000 0.9196 0.6780 1.1055 0.7696 0.1835
  0.8587 0.8645 0.4606 0.8314 0.8013]
 [0.8901 0.8646 0.1900 0.7575 0.9196 0.0000 0.3931 0.3586 0.4478 0.7631
  0.1770 0.5244 0.5856 0.1652 0.3854]
 [0.5258 0.6621 0.3960 0.3702 0.6780 0.3931 0.0000 0.4345 0.1220 0.5803
  0.4740 0.2404 0.5607 0.2337 0.6043]
 [0.9428 1.0779 0.1711 0.7635 1.1055 0.3586 0.4345 0.0000 0.3838 0.9865
  0.5353 0.3700 0.8825 0.3075 0.7423]
 [0.5603 0.7639 0.3958 0.3799 0.7696 0.4478 0.1220 0.3838 0.0000 0.6883
  0.5601 0.1184 0.6826 0.2830 0.7102]
 [0.4651 0.1028 0.8861 0.5366 0.1835 0.7631 0.5803 0.9865 0.6883 0.0000
  0.6861 0.7962 0.2779 0.6948 0.6183]
 [0.9061 0.7888 0.3669 0.8054 0.8587 0.1770 0.4740 0.5353 0.5601 0.6861
  0.0000 0.6558 0.4632 0.2930 0.2094]
 [0.6137 0.8668 0.4318 0.4224 0.8645 0.5244 0.2404 0.3700 0.1184 0.7962
  0.6558 0.0000 0.8008 0.3663 0.8181]
 [0.6810 0.3693 0.7469 0.6851 0.4606 0.5856 0.5607 0.8825 0.6826 0.2779
  0.4632 0.8008 0.0000 0.5750 0.3505]
 [0.7488 0.7912 0.1928 0.6031 0.8314 0.1652 0.2337 0.3075 0.2830 0.6948
  0.2930 0.3663 0.5750 0.0000 0.4759]
 [0.9397 0.7157 0.5754 0.8792 0.8013 0.3854 0.6043 0.7423 0.7102 0.6183
  0.2094 0.8181 0.3505 0.4759 0.0000]]
Optimal Path Order: 0 -> 3 -> 6 -> 8 -> 11 -> 7 -> 2 -> 13 -> 5 -> 10 -> 14 -> 12 -> 9 -> 1 -> 4
Total Distance: 3.3125

Sample 5:
Coordinates:
0.2978, 0.2383
0.8890, 0.6451
0.9055, 0.9722
0.2173, 0.8174
0.9099, 0.7086
0.8818, 0.6653
0.6954, 0.4797
0.8330, 0.8479
0.2971, 0.4902
0.0869, 0.6122
0.3670, 0.8709
0.8467, 0.4768
0.3057, 0.4796
0.2360, 0.4232
0.5614, 0.8362
Distance Matrix:
[[0.0000 0.7176 0.9529 0.5848 0.7719 0.7234 0.4652 0.8112 0.2520 0.4293
  0.6364 0.5985 0.2415 0.1950 0.6535]
 [0.7176 0.0000 0.3275 0.6934 0.0668 0.0214 0.2546 0.2104 0.6118 0.8027
  0.5687 0.1736 0.6063 0.6897 0.3792]
 [0.9529 0.3275 0.0000 0.7054 0.2637 0.3079 0.5354 0.1439 0.7762 0.8943
  0.5479 0.4990 0.7762 0.8659 0.3700]
 [0.5848 0.6934 0.7054 0.0000 0.7011 0.6817 0.5853 0.6164 0.3368 0.2432
  0.1590 0.7157 0.3492 0.3947 0.3446]
 [0.7719 0.0668 0.2637 0.7011 0.0000 0.0517 0.3137 0.1592 0.6506 0.8286
  0.5666 0.2403 0.6462 0.7319 0.3711]
 [0.7234 0.0214 0.3079 0.6817 0.0517 0.0000 0.2630 0.1891 0.6103 0.7966
  0.5543 0.1917 0.6053 0.6897 0.3631]
 [0.4652 0.2546 0.5354 0.5853 0.3137 0.2630 0.0000 0.3931 0.3984 0.6227
  0.5107 0.1514 0.3897 0.4629 0.3808]
 [0.8112 0.2104 0.1439 0.6164 0.1592 0.1891 0.3931 0.0000 0.6443 0.7824
  0.4665 0.3714 0.6432 0.7327 0.2718]
 [0.2520 0.6118 0.7762 0.3368 0.6506 0.6103 0.3984 0.6443 0.0000 0.2430
  0.3871 0.5498 0.0137 0.0907 0.4355]
 [0.4293 0.8027 0.8943 0.2432 0.8286 0.7966 0.6227 0.7824 0.2430 0.0000
  0.3813 0.7718 0.2558 0.2407 0.5248]
 [0.6364 0.5687 0.5479 0.1590 0.5666 0.5543 0.5107 0.4665 0.3871 0.3813
  0.0000 0.6208 0.3961 0.4665 0.1974]
 [0.5985 0.1736 0.4990 0.7157 0.2403 0.1917 0.1514 0.3714 0.5498 0.7718
  0.6208 0.0000 0.5411 0.6131 0.4589]
 [0.2415 0.6063 0.7762 0.3492 0.6462 0.6053 0.3897 0.6432 0.0137 0.2558
  0.3961 0.5411 0.0000 0.0897 0.4389]
 [0.1950 0.6897 0.8659 0.3947 0.7319 0.6897 0.4629 0.7327 0.0907 0.2407
  0.4665 0.6131 0.0897 0.0000 0.5259]
 [0.6535 0.3792 0.3700 0.3446 0.3711 0.3631 0.3808 0.2718 0.4355 0.5248
  0.1974 0.4589 0.4389 0.5259 0.0000]]
Optimal Path Order: 0 -> 6 -> 11 -> 1 -> 5 -> 4 -> 7 -> 2 -> 14 -> 10 -> 3 -> 9 -> 8 -> 12 -> 13
Total Distance: 2.6771

Sample 6:
Coordinates:
0.2311, 0.2965
0.5203, 0.4985
0.7614, 0.4969
0.4663, 0.1811
0.1099, 0.2874
0.1744, 0.8918
0.8378, 0.1419
0.5322, 0.0964
0.4307, 0.5377
0.1377, 0.2661
0.3415, 0.4253
0.3921, 0.0991
0.5318, 0.4257
0.6018, 0.7661
0.7184, 0.7668
Distance Matrix:
[[0.0000 0.3528 0.5669 0.2620 0.1215 0.5979 0.6262 0.3616 0.3130 0.0983
  0.1696 0.2548 0.3273 0.5982 0.6772]
 [0.3528 0.0000 0.2411 0.3220 0.4615 0.5237 0.4776 0.4023 0.0978 0.4477
  0.1932 0.4195 0.0737 0.2797 0.3335]
 [0.5669 0.2411 0.0000 0.4322 0.6844 0.7075 0.3631 0.4615 0.3333 0.6651
  0.4259 0.5428 0.2404 0.3130 0.2733]
 [0.2620 0.3220 0.4322 0.0000 0.3719 0.7683 0.3736 0.1073 0.3584 0.3394
  0.2742 0.1106 0.2532 0.6004 0.6377]
 [0.1215 0.4615 0.6844 0.3719 0.0000 0.6078 0.7423 0.4635 0.4069 0.0350
  0.2696 0.3393 0.4440 0.6863 0.7747]
 [0.5979 0.5237 0.7075 0.7683 0.6078 0.0000 1.0012 0.8721 0.4371 0.6267
  0.4955 0.8221 0.5873 0.4455 0.5582]
 [0.6262 0.4776 0.3631 0.3736 0.7423 1.0012 0.0000 0.3090 0.5679 0.7111
  0.5715 0.4477 0.4174 0.6673 0.6362]
 [0.3616 0.4023 0.4615 0.1073 0.4635 0.8721 0.3090 0.0000 0.4528 0.4295
  0.3801 0.1401 0.3293 0.6733 0.6958]
 [0.3130 0.0978 0.3333 0.3584 0.4069 0.4371 0.5679 0.4528 0.0000 0.3995
  0.1435 0.4403 0.1509 0.2854 0.3678]
 [0.0983 0.4477 0.6651 0.3394 0.0350 0.6267 0.7111 0.4295 0.3995 0.0000
  0.2587 0.3044 0.4252 0.6822 0.7668]
 [0.1696 0.1932 0.4259 0.2742 0.2696 0.4955 0.5715 0.3801 0.1435 0.2587
  0.0000 0.3301 0.1902 0.4288 0.5086]
 [0.2548 0.4195 0.5428 0.1106 0.3393 0.8221 0.4477 0.1401 0.4403 0.3044
  0.3301 0.0000 0.3552 0.6992 0.7432]
 [0.3273 0.0737 0.2404 0.2532 0.4440 0.5873 0.4174 0.3293 0.1509 0.4252
  0.1902 0.3552 0.0000 0.3475 0.3888]
 [0.5982 0.2797 0.3130 0.6004 0.6863 0.4455 0.6673 0.6733 0.2854 0.6822
  0.4288 0.6992 0.3475 0.0000 0.1167]
 [0.6772 0.3335 0.2733 0.6377 0.7747 0.5582 0.6362 0.6958 0.3678 0.7668
  0.5086 0.7432 0.3888 0.1167 0.0000]]
Optimal Path Order: 0 -> 4 -> 9 -> 11 -> 3 -> 7 -> 6 -> 2 -> 14 -> 13 -> 5 -> 8 -> 1 -> 12 -> 10
Total Distance: 3.1549

Sample 7:
Coordinates:
0.6343, 0.8581
0.0642, 0.2080
0.8030, 0.2579
0.5689, 0.0695
0.2819, 0.5985
0.0580, 0.1118
0.6198, 0.2921
0.2625, 0.1504
0.9392, 0.6724
0.0702, 0.1359
0.4406, 0.1766
0.3554, 0.3169
0.1912, 0.0360
0.4032, 0.1865
0.1805, 0.9075
Distance Matrix:
[[0.0000 0.8646 0.6234 0.7913 0.4377 0.9429 0.5661 0.7994 0.3570 0.9164
  0.7085 0.6088 0.9338 0.7102 0.4565]
 [0.8646 0.0000 0.7405 0.5233 0.4471 0.0965 0.5619 0.2065 0.9906 0.0724
  0.3777 0.3109 0.2138 0.3396 0.7090]
 [0.6234 0.7405 0.0000 0.3005 0.6226 0.7592 0.1864 0.5511 0.4364 0.7429
  0.3714 0.4515 0.6508 0.4062 0.8997]
 [0.7913 0.5233 0.3005 0.0000 0.6019 0.5126 0.2284 0.3169 0.7076 0.5031
  0.1671 0.3268 0.3791 0.2029 0.9236]
 [0.4377 0.4471 0.6226 0.6019 0.0000 0.5358 0.4562 0.4485 0.6615 0.5088
  0.4508 0.2911 0.5697 0.4295 0.3252]
 [0.9429 0.0965 0.7592 0.5126 0.5358 0.0000 0.5901 0.2081 1.0444 0.0270
  0.3881 0.3613 0.1532 0.3532 0.8051]
 [0.5661 0.5619 0.1864 0.2284 0.4562 0.5901 0.0000 0.3844 0.4966 0.5714
  0.2132 0.2656 0.4993 0.2410 0.7561]
 [0.7994 0.2065 0.5511 0.3169 0.4485 0.2081 0.3844 0.0000 0.8547 0.1928
  0.1801 0.1906 0.1348 0.1452 0.7615]
 [0.3570 0.9906 0.4364 0.7076 0.6615 1.0444 0.4966 0.8547 0.0000 1.0213
  0.7032 0.6835 0.9821 0.7235 0.7943]
 [0.9164 0.0724 0.7429 0.5031 0.5088 0.0270 0.5714 0.1928 1.0213 0.0000
  0.3727 0.3378 0.1569 0.3368 0.7794]
 [0.7085 0.3777 0.3714 0.1671 0.4508 0.3881 0.2132 0.1801 0.7032 0.3727
  0.0000 0.1642 0.2863 0.0388 0.7758]
 [0.6088 0.3109 0.4515 0.3268 0.2911 0.3613 0.2656 0.1906 0.6835 0.3378
  0.1642 0.0000 0.3253 0.1388 0.6159]
 [0.9338 0.2138 0.6508 0.3791 0.5697 0.1532 0.4993 0.1348 0.9821 0.1569
  0.2863 0.3253 0.0000 0.2599 0.8715]
 [0.7102 0.3396 0.4062 0.2029 0.4295 0.3532 0.2410 0.1452 0.7235 0.3368
  0.0388 0.1388 0.2599 0.0000 0.7546]
 [0.4565 0.7090 0.8997 0.9236 0.3252 0.8051 0.7561 0.7615 0.7943 0.7794
  0.7758 0.6159 0.8715 0.7546 0.0000]]
Optimal Path Order: 0 -> 8 -> 2 -> 6 -> 3 -> 10 -> 13 -> 7 -> 12 -> 5 -> 9 -> 1 -> 11 -> 4 -> 14
Total Distance: 3.3302

Sample 8:
Coordinates:
0.8088, 0.9822
0.0231, 0.4794
0.4178, 0.5397
0.4349, 0.1810
0.7649, 0.3458
0.5937, 0.5315
0.8451, 0.4229
0.2082, 0.2048
0.5454, 0.9955
0.8108, 0.9011
0.2959, 0.5343
0.2988, 0.5499
0.7407, 0.7336
0.5408, 0.3413
0.4430, 0.9564
Distance Matrix:
[[0.0000 0.9328 0.5905 0.8842 0.6379 0.4994 0.5605 0.9824 0.2637 0.0812
  0.6810 0.6686 0.2578 0.6948 0.3667]
 [0.9328 0.0000 0.3993 0.5085 0.7538 0.5729 0.8239 0.3312 0.7342 0.8934
  0.2782 0.2845 0.7613 0.5358 0.6354]
 [0.5905 0.3993 0.0000 0.3590 0.3976 0.1760 0.4429 0.3951 0.4733 0.5339
  0.1221 0.1195 0.3767 0.2334 0.4175]
 [0.8842 0.5085 0.3590 0.0000 0.3689 0.3848 0.4762 0.2279 0.8219 0.8123
  0.3796 0.3931 0.6316 0.1921 0.7753]
 [0.6379 0.7538 0.3976 0.3689 0.0000 0.2526 0.1112 0.5743 0.6858 0.5572
  0.5055 0.5089 0.3886 0.2242 0.6902]
 [0.4994 0.5729 0.1760 0.3848 0.2526 0.0000 0.2739 0.5053 0.4665 0.4286
  0.2978 0.2955 0.2499 0.1975 0.4507]
 [0.5605 0.8239 0.4429 0.4762 0.1112 0.2739 0.0000 0.6732 0.6463 0.4794
  0.5604 0.5609 0.3278 0.3150 0.6680]
 [0.9824 0.3312 0.3951 0.2279 0.5743 0.5053 0.6732 0.0000 0.8596 0.9208
  0.3410 0.3568 0.7505 0.3595 0.7874]
 [0.2637 0.7342 0.4733 0.8219 0.6858 0.4665 0.6463 0.8596 0.0000 0.2817
  0.5243 0.5093 0.3267 0.6542 0.1096]
 [0.0812 0.8934 0.5339 0.8123 0.5572 0.4286 0.4794 0.9208 0.2817 0.0000
  0.6322 0.6209 0.1815 0.6215 0.3719]
 [0.6810 0.2782 0.1221 0.3796 0.5055 0.2978 0.5604 0.3410 0.5243 0.6322
  0.0000 0.0158 0.4874 0.3118 0.4470]
 [0.6686 0.2845 0.1195 0.3931 0.5089 0.2955 0.5609 0.3568 0.5093 0.6209
  0.0158 0.0000 0.4786 0.3195 0.4313]
 [0.2578 0.7613 0.3767 0.6316 0.3886 0.2499 0.3278 0.7505 0.3267 0.1815
  0.4874 0.4786 0.0000 0.4404 0.3718]
 [0.6948 0.5358 0.2334 0.1921 0.2242 0.1975 0.3150 0.3595 0.6542 0.6215
  0.3118 0.3195 0.4404 0.0000 0.6228]
 [0.3667 0.6354 0.4175 0.7753 0.6902 0.4507 0.6680 0.7874 0.1096 0.3719
  0.4470 0.4313 0.3718 0.6228 0.0000]]
Optimal Path Order: 0 -> 8 -> 14 -> 2 -> 11 -> 10 -> 1 -> 7 -> 3 -> 13 -> 4 -> 6 -> 5 -> 12 -> 9
Total Distance: 3.0774

Sample 9:
Coordinates:
0.6764, 0.4418
0.9906, 0.8175
0.2444, 0.7289
0.7027, 0.9161
0.7669, 0.4736
0.5770, 0.9923
0.9846, 0.9756
0.2538, 0.1507
0.3047, 0.6259
0.3323, 0.7609
0.2103, 0.7791
0.5244, 0.3780
0.4978, 0.9923
0.9953, 0.2889
0.1947, 0.0140
Distance Matrix:
[[0.0000 0.4898 0.5187 0.4750 0.0959 0.5594 0.6164 0.5132 0.4148 0.4692
  0.5754 0.1649 0.5787 0.3536 0.6443]
 [0.4898 0.0000 0.7514 0.3043 0.4103 0.4490 0.1582 0.9937 0.7122 0.6607
  0.7813 0.6407 0.5229 0.5287 1.1310]
 [0.5187 0.7514 0.0000 0.4950 0.5815 0.4243 0.7802 0.5782 0.1193 0.0935
  0.0608 0.4489 0.3655 0.8703 0.7166]
 [0.4750 0.3043 0.4950 0.0000 0.4471 0.1470 0.2881 0.8873 0.4926 0.4016
  0.5111 0.5669 0.2186 0.6921 1.0353]
 [0.0959 0.4103 0.5815 0.4471 0.0000 0.5524 0.5472 0.6062 0.4867 0.5209
  0.6350 0.2606 0.5844 0.2937 0.7339]
 [0.5594 0.4490 0.4243 0.1470 0.5524 0.0000 0.4079 0.9016 0.4566 0.3368
  0.4242 0.6166 0.0792 0.8184 1.0504]
 [0.6164 0.1582 0.7802 0.2881 0.5472 0.4079 0.0000 1.1020 0.7646 0.6867
  0.7989 0.7543 0.4871 0.6868 1.2444]
 [0.5132 0.9937 0.5782 0.8873 0.6062 0.9016 1.1020 0.0000 0.4778 0.6152
  0.6299 0.3534 0.8762 0.7542 0.1489]
 [0.4148 0.7122 0.1193 0.4926 0.4867 0.4566 0.7646 0.4778 0.0000 0.1378
  0.1800 0.3312 0.4142 0.7684 0.6217]
 [0.4692 0.6607 0.0935 0.4016 0.5209 0.3368 0.6867 0.6152 0.1378 0.0000
  0.1234 0.4283 0.2845 0.8138 0.7595]
 [0.5754 0.7813 0.0608 0.5111 0.6350 0.4242 0.7989 0.6299 0.1800 0.1234
  0.0000 0.5095 0.3579 0.9255 0.7653]
 [0.1649 0.6407 0.4489 0.5669 0.2606 0.6166 0.7543 0.3534 0.3312 0.4283
  0.5095 0.0000 0.6148 0.4792 0.4911]
 [0.5787 0.5229 0.3655 0.2186 0.5844 0.0792 0.4871 0.8762 0.4142 0.2845
  0.3579 0.6148 0.0000 0.8615 1.0242]
 [0.3536 0.5287 0.8703 0.6921 0.2937 0.8184 0.6868 0.7542 0.7684 0.8138
  0.9255 0.4792 0.8615 0.0000 0.8464]
 [0.6443 1.1310 0.7166 1.0353 0.7339 1.0504 1.2444 0.1489 0.6217 0.7595
  0.7653 0.4911 1.0242 0.8464 0.0000]]
Optimal Path Order: 0 -> 11 -> 14 -> 7 -> 8 -> 2 -> 10 -> 9 -> 12 -> 5 -> 3 -> 6 -> 1 -> 13 -> 4
Total Distance: 3.4616

Sample 10:
Coordinates:
0.6134, 0.7798
0.0392, 0.9961
0.6002, 0.3484
0.2413, 0.1437
0.3738, 0.2301
0.1088, 0.6407
0.4257, 0.7013
0.7327, 0.8665
0.7736, 0.9217
0.0786, 0.8221
0.2354, 0.3304
0.0121, 0.8655
0.8068, 0.7547
0.9631, 0.9254
0.8197, 0.7220
Distance Matrix:
[[0.0000 0.6137 0.4316 0.7369 0.5996 0.5234 0.2035 0.1475 0.2140 0.5365
  0.5872 0.6074 0.1950 0.3788 0.2142]
 [0.6137 0.0000 0.8569 0.8760 0.8359 0.3621 0.4861 0.7055 0.7381 0.1784
  0.6940 0.1334 0.8047 0.9266 0.8272]
 [0.4316 0.8569 0.0000 0.4132 0.2554 0.5718 0.3937 0.5348 0.5990 0.7047
  0.3653 0.7831 0.4558 0.6816 0.4333]
 [0.7369 0.8760 0.4132 0.0000 0.1582 0.5144 0.5873 0.8741 0.9427 0.6977
  0.1868 0.7573 0.8326 1.0640 0.8179]
 [0.5996 0.8359 0.2554 0.1582 0.0000 0.4887 0.4740 0.7306 0.7989 0.6616
  0.1709 0.7311 0.6803 0.9114 0.6639]
 [0.5234 0.3621 0.5718 0.5144 0.4887 0.0000 0.3226 0.6635 0.7217 0.1839
  0.3352 0.2447 0.7073 0.9005 0.7155]
 [0.2035 0.4861 0.3937 0.5873 0.4740 0.3226 0.0000 0.3487 0.4119 0.3676
  0.4168 0.4450 0.3849 0.5823 0.3945]
 [0.1475 0.7055 0.5348 0.8741 0.7306 0.6635 0.3487 0.0000 0.0687 0.6556
  0.7312 0.7206 0.1341 0.2378 0.1687]
 [0.2140 0.7381 0.5990 0.9427 0.7989 0.7217 0.4119 0.0687 0.0000 0.7021
  0.7995 0.7635 0.1703 0.1896 0.2050]
 [0.5365 0.1784 0.7047 0.6977 0.6616 0.1839 0.3676 0.6556 0.7021 0.0000
  0.5161 0.0794 0.7314 0.8905 0.7478]
 [0.5872 0.6940 0.3653 0.1868 0.1709 0.3352 0.4168 0.7312 0.7995 0.5161
  0.0000 0.5798 0.7117 0.9400 0.7033]
 [0.6074 0.1334 0.7831 0.7573 0.7311 0.2447 0.4450 0.7206 0.7635 0.0794
  0.5798 0.0000 0.8024 0.9529 0.8202]
 [0.1950 0.8047 0.4558 0.8326 0.6803 0.7073 0.3849 0.1341 0.1703 0.7314
  0.7117 0.8024 0.0000 0.2314 0.0352]
 [0.3788 0.9266 0.6816 1.0640 0.9114 0.9005 0.5823 0.2378 0.1896 0.8905
  0.9400 0.9529 0.2314 0.0000 0.2489]
 [0.2142 0.8272 0.4333 0.8179 0.6639 0.7155 0.3945 0.1687 0.2050 0.7478
  0.7033 0.8202 0.0352 0.2489 0.0000]]
Optimal Path Order: 0 -> 7 -> 8 -> 13 -> 12 -> 14 -> 2 -> 4 -> 3 -> 10 -> 5 -> 9 -> 11 -> 1 -> 6
Total Distance: 3.1275

